36
-0.075 0.0 0.025
-0.075 0.5 0.025
0.075 0.5 0.025

0.075 0.5 0.025
0.075 0.0 0.025
-0.075 0.0 0.025

-0.075 0.0 -0.025
-0.075 0.5 -0.025
-0.075 0.5 0.025

-0.075 0.5 0.025
-0.075 0.0 0.025
-0.075 0.0 -0.025

0.075 0.0 -0.025
0.075 0.5 -0.025
-0.075 0.5 -0.025

-0.075 0.5 -0.025
-0.075 0.0 -0.025
0.075 0.0 -0.025

0.075 0.0 0.025
0.075 0.5 0.025
0.075 0.5 -0.025

0.075 0.5 -0.025
0.075 0.0 -0.025
0.075 0.0 0.025

-0.075 0.5 0.025
-0.075 0.5 -0.025
0.075 0.5 -0.025

0.075 0.5 -0.025
0.075 0.5 0.025
-0.075 0.5 0.025

-0.075 0.0 -0.025
-0.075 0.0 0.025
0.075 0.0 0.025

0.075 0.0 0.025
0.075 0.0 -0.025
-0.075 0.0 -0.025
