36
-0.075 0.0 0.025
-0.075 0.7 0.025
0.075 0.7 0.025

0.075 0.7 0.025
0.075 0.0 0.025
-0.075 0.0 0.025

-0.075 0.0 -0.025
-0.075 0.7 -0.025
-0.075 0.7 0.025

-0.075 0.7 0.025
-0.075 0.0 0.025
-0.075 0.0 -0.025

0.075 0.0 -0.025
0.075 0.7 -0.025
-0.075 0.7 -0.025

-0.075 0.7 -0.025
-0.075 0.0 -0.025
0.075 0.0 -0.025

0.075 0.0 0.025
0.075 0.7 0.025
0.075 0.7 -0.025

0.075 0.7 -0.025
0.075 0.0 -0.025
0.075 0.0 0.025

-0.075 0.7 0.025
-0.075 0.7 -0.025
0.075 0.7 -0.025

0.075 0.7 -0.025
0.075 0.7 0.025
-0.075 0.7 0.025

-0.075 0.0 -0.025
-0.075 0.0 0.025
0.075 0.0 0.025

0.075 0.0 0.025
0.075 0.0 -0.025
-0.075 0.0 -0.025
