36
-0.05 0.0 0.00
-0.05 0.7 0.00
0.05 0.7 0.00

0.05 0.7 0.00
0.05 0.0 0.00
-0.05 0.0 0.00

-0.05 0.0 -0.00
-0.05 0.7 -0.00
-0.05 0.7 0.00

-0.05 0.7 0.00
-0.05 0.0 0.00
-0.05 0.0 -0.00

0.05 0.0 -0.00
0.05 0.7 -0.00
-0.05 0.7 -0.00

-0.05 0.7 -0.00
-0.05 0.0 -0.00
0.05 0.0 -0.00

0.05 0.0 0.00
0.05 0.7 0.00
0.05 0.7 -0.00

0.05 0.7 -0.00
0.05 0.0 -0.00
0.05 0.0 0.00

-0.05 0.7 0.00
-0.05 0.7 -0.00
0.05 0.7 -0.00

0.05 0.7 -0.00
0.05 0.7 0.00
-0.05 0.7 0.00

-0.05 0.0 -0.00
-0.05 0.0 0.00
0.05 0.0 0.00

0.05 0.0 0.00
0.05 0.0 -0.00
-0.05 0.0 -0.00
